best_neg_log_likelihood_grid_1 =

   1.0e+03 *

   -3.4185   -3.3859   -3.3800   -3.3492

skew_eta_grid_1

skew_eta_grid_1 =

    0.7464    0.7464    0.4976   -0.9952
   -0.9952   -0.9952    0.2488   -0.9952
         0    0.7464    0.9952   -0.2488
   -0.9952   -0.9952   -0.9952   -0.9952